114 0
718 0
915 0
223 0
437 0
242 0
846 0
558 0
754 0
561 0
476 0
673 0
877 0
185 0
482 0
191 0
394 0

114 0
218 0
413 0
827 0
921 0
232 0
147 0
345 0
846 0
452 0
758 0
371 0
577 0
676 0
183 0
784 0
595 0

116 0
718 0
913 0
224 0
427 0
445 0
644 0
847 0
153 0
452 0
161 0
366 0
272 0
875 0
588 0
786 0
591 0

214 0
417 0
816 0
323 0
429 0
835 0
937 0
843 0
152 0
558 0
261 0
369 0
765 0
867 0
176 0
574 0
285 0
481 0
292 0
696 0
898 0
994 0

715 0
812 0
228 0
424 0
233 0
639 0
145 0
341 0
746 0
152 0
457 0
463 0
176 0
571 0
787 0
984 0
893 0

217 0
619 0
713 0
434 0
538 0
633 0
836 0
931 0
148 0
642 0
251 0
855 0
163 0
862 0
174 0
579 0
286 0
389 0
587 0
685 0
883 0
496 0
891 0

212 0
413 0
226 0
323 0
925 0
138 0
931 0
145 0
649 0
843 0
457 0
461 0
968 0
278 0
377 0
479 0
772 0
876 0
686 0
887 0
396 0
697 0
994 0

111 0
212 0
919 0
225 0
529 0
722 0
923 0
934 0
243 0
351 0
458 0
562 0
664 0
766 0
576 0
677 0
875 0
382 0
584 0
681 0
887 0
199 0

116 0
413 0
612 0
225 0
821 0
147 0
342 0
446 0
855 0
954 0
163 0
278 0
471 0
575 0
584 0
782 0
797 0

313 0
124 0
326 0
238 0
432 0
533 0
631 0
936 0
142 0
549 0
847 0
941 0
155 0
958 0
564 0
963 0
577 0
889 0
391 0
596 0
698 0
997 0

111 0
515 0
716 0
225 0
421 0
629 0
822 0
846 0
944 0
153 0
257 0
654 0
851 0
168 0
576 0
671 0
778 0
973 0
387 0
199 0
695 0

216 0
415 0
611 0
819 0
121 0
529 0
825 0
923 0
139 0
637 0
244 0
448 0
847 0
755 0
958 0
268 0
361 0
467 0
665 0
863 0
575 0
772 0
297 0
396 0
698 0

116 0
312 0
515 0
623 0
824 0
144 0
243 0
648 0
251 0
752 0
767 0
175 0
472 0
577 0
888 0
981 0
496 0

116 0
312 0
515 0
624 0
823 0
144 0
243 0
648 0
251 0
752 0
767 0
175 0
472 0
577 0
888 0
981 0
496 0

414 0
515 0
919 0
923 0
339 0
931 0
246 0
648 0
747 0
358 0
652 0
856 0
169 0
364 0
466 0
665 0
478 0
573 0
186 0
681 0
391 0
795 0
894 0

111 0
326 0
923 0
238 0
734 0
931 0
446 0
547 0
648 0
745 0
944 0
459 0
465 0
767 0
866 0
372 0
185 0
289 0
488 0
581 0
684 0
493 0
799 0

219 0
318 0
511 0
122 0
826 0
443 0
642 0
845 0
258 0
354 0
466 0
574 0
778 0
979 0
183 0
485 0
791 0

114 0
215 0
813 0
428 0
621 0
239 0
545 0
849 0
152 0
457 0
168 0
271 0
574 0
787 0
982 0
496 0
798 0

111 0
719 0
226 0
324 0
621 0
827 0
237 0
534 0
443 0
153 0
358 0
459 0
755 0
367 0
862 0
576 0
777 0
979 0
684 0
881 0
491 0
592 0
699 0
893 0

511 0
614 0
223 0
722 0
237 0
449 0
843 0
156 0
351 0
868 0
172 0
771 0
974 0
585 0
786 0
497 0
698 0

212 0
313 0
417 0
916 0
128 0
526 0
725 0
829 0
139 0
737 0
544 0
749 0
847 0
153 0
357 0
559 0
656 0
952 0
175 0
474 0
577 0
682 0
298 0

118 0
713 0
912 0
126 0
523 0
625 0
339 0
642 0
746 0
949 0
557 0
951 0
265 0
863 0
479 0
678 0
772 0
976 0
282 0
487 0
585 0
693 0
791 0

415 0
512 0
229 0
623 0
924 0
737 0
241 0
844 0
258 0
554 0
655 0
753 0
166 0
561 0
968 0
177 0
372 0
388 0
883 0
982 0
294 0
598 0
891 0

418 0
919 0
228 0
327 0
423 0
824 0
136 0
437 0
348 0
445 0
749 0
847 0
264 0
363 0
667 0
765 0
673 0
283 0
681 0
784 0
885 0
194 0
692 0
991 0

111 0
713 0
918 0
227 0
424 0
142 0
343 0
541 0
859 0
955 0
168 0
275 0
476 0
877 0
588 0
782 0
294 0

312 0
414 0
517 0
815 0
918 0
631 0
834 0
542 0
949 0
155 0
252 0
358 0
559 0
754 0
369 0
761 0
873 0
183 0
687 0
785 0
196 0
298 0
395 0
692 0

318 0
414 0
813 0
423 0
139 0
631 0
735 0
837 0
934 0
147 0
249 0
648 0
657 0
955 0
161 0
264 0
862 0
379 0
576 0
972 0
285 0
784 0
599 0
895 0
996 0

212 0
515 0
919 0
326 0
421 0
528 0
827 0
923 0
445 0
948 0
459 0
553 0
658 0
261 0
866 0
371 0
872 0
684 0
299 0
397 0
493 0
794 0

114 0
718 0
915 0
223 0
437 0
242 0
846 0
555 0
754 0
561 0
476 0
673 0
877 0
185 0
482 0
191 0
399 0

111 0
713 0
918 0
226 0
424 0
142 0
343 0
541 0
859 0
955 0
168 0
275 0
476 0
877 0
588 0
782 0
294 0

219 0
312 0
413 0
528 0
721 0
141 0
347 0
544 0
856 0
955 0
168 0
276 0
475 0
672 0
184 0
787 0
499 0

212 0
414 0
919 0
124 0
421 0
528 0
629 0
536 0
632 0
835 0
646 0
743 0
153 0
459 0
554 0
755 0
668 0
861 0
188 0
382 0
684 0
199 0
296 0
394 0
997 0

617 0
819 0
915 0
621 0
138 0
236 0
532 0
242 0
547 0
643 0
948 0
155 0
856 0
363 0
664 0
769 0
173 0
375 0
774 0
871 0
977 0
182 0
284 0

112 0
214 0
319 0
516 0
913 0
223 0
722 0
138 0
935 0
646 0
452 0
261 0
564 0
768 0
862 0
279 0
475 0
777 0
384 0
981 0
297 0
693 0

212 0
916 0
524 0
621 0
337 0
438 0
931 0
747 0
353 0
457 0
166 0
464 0
561 0
662 0
271 0
577 0
674 0
975 0
388 0
585 0
887 0
693 0
799 0

919 0
122 0
526 0
725 0
235 0
437 0
532 0
834 0
148 0
247 0
746 0
941 0
151 0
759 0
958 0
865 0
274 0
486 0
581 0
682 0
393 0
595 0

113 0
316 0
517 0
825 0
921 0
138 0
241 0
444 0
645 0
157 0
756 0
462 0
272 0
874 0
588 0
783 0
495 0

313 0
414 0
427 0
823 0
137 0
631 0
735 0
936 0
142 0
648 0
947 0
459 0
554 0
769 0
176 0
772 0
875 0
188 0
385 0
483 0
682 0
981 0
496 0
998 0

111 0
617 0
718 0
816 0
327 0
628 0
821 0
138 0
432 0
939 0
942 0
154 0
551 0
369 0
665 0
176 0
378 0
585 0
789 0
699 0
793 0
994 0

515 0
911 0
121 0
827 0
236 0
838 0
644 0
359 0
551 0
753 0
465 0
569 0
666 0
862 0
278 0
576 0
672 0
977 0
387 0
193 0
395 0
597 0
792 0

215 0
312 0
414 0
527 0
721 0
448 0
642 0
153 0
756 0
269 0
465 0
171 0
376 0
573 0
888 0
989 0
197 0

716 0
818 0
919 0
124 0
827 0
532 0
636 0
142 0
546 0
743 0
844 0
354 0
459 0
758 0
952 0
378 0
477 0
675 0
286 0
488 0
583 0
397 0

111 0
713 0
918 0
226 0
424 0
142 0
343 0
541 0
857 0
955 0
168 0
277 0
475 0
876 0
588 0
782 0
294 0

218 0
313 0
414 0
527 0
825 0
244 0
441 0
648 0
852 0
957 0
463 0
172 0
376 0
575 0
185 0
788 0
791 0

218 0
514 0
123 0
821 0
832 0
345 0
744 0
946 0
159 0
451 0
758 0
162 0
473 0
679 0
286 0
785 0
492 0

319 0
913 0
629 0
137 0
735 0
936 0
346 0
445 0
744 0
453 0
262 0
368 0
173 0
477 0
575 0
776 0
186 0
491 0
592 0
793 0
998 0

718 0
911 0
127 0
422 0
435 0
636 0
447 0
845 0
251 0
753 0
268 0
175 0
872 0
283 0
588 0
196 0
594 0

415 0
725 0
926 0
139 0
237 0
832 0
344 0
448 0
642 0
152 0
255 0
451 0
853 0
268 0
563 0
674 0
877 0
281 0
383 0
585 0
889 0
292 0
693 0
791 0

718 0
911 0
127 0
422 0
435 0
636 0
447 0
845 0
251 0
753 0
268 0
175 0
872 0
284 0
588 0
196 0
593 0

718 0
911 0
126 0
422 0
437 0
635 0
446 0
842 0
251 0
753 0
268 0
172 0
877 0
283 0
588 0
195 0
594 0

719 0
814 0
529 0
925 0
133 0
635 0
837 0
248 0
444 0
741 0
154 0
256 0
353 0
667 0
868 0
178 0
477 0
187 0
882 0
988 0
295 0
492 0
596 0

718 0
911 0
126 0
422 0
437 0
635 0
446 0
842 0
251 0
753 0
268 0
172 0
877 0
284 0
588 0
195 0
593 0

817 0
911 0
222 0
428 0
434 0
633 0
147 0
546 0
845 0
452 0
753 0
169 0
176 0
577 0
288 0
784 0
595 0

115 0
213 0
512 0
719 0
222 0
324 0
523 0
825 0
339 0
541 0
748 0
842 0
947 0
457 0
569 0
668 0
761 0
386 0
484 0
989 0
191 0
392 0
595 0
794 0
893 0

114 0
715 0
918 0
223 0
437 0
242 0
846 0
555 0
758 0
561 0
476 0
673 0
877 0
185 0
482 0
191 0
398 0

111 0
313 0
617 0
818 0
919 0
629 0
723 0
927 0
238 0
643 0
744 0
354 0
655 0
466 0
762 0
968 0
173 0
274 0
876 0
589 0
198 0
497 0
994 0

122 0
421 0
927 0
233 0
435 0
731 0
345 0
447 0
742 0
359 0
662 0
864 0
966 0
175 0
676 0
879 0
973 0
382 0
583 0
687 0
786 0
398 0

318 0
519 0
711 0
226 0
425 0
822 0
636 0
243 0
441 0
647 0
845 0
959 0
364 0
763 0
275 0
772 0
287 0
683 0
888 0
192 0
497 0
994 0

315 0
719 0
818 0
917 0
224 0
525 0
921 0
337 0
142 0
544 0
648 0
259 0
451 0
166 0
462 0
173 0
476 0
772 0
689 0
887 0
795 0

518 0
714 0
124 0
927 0
336 0
439 0
933 0
847 0
357 0
656 0
752 0
955 0
269 0
662 0
961 0
373 0
875 0
288 0
581 0
684 0
493 0
592 0
891 0

113 0
218 0
416 0
329 0
232 0
533 0
735 0
831 0
645 0
253 0
551 0
856 0
464 0
271 0
377 0
575 0
878 0
789 0
697 0
893 0
992 0

316 0
613 0
229 0
327 0
625 0
721 0
823 0
232 0
539 0
631 0
838 0
847 0
156 0
264 0
361 0
969 0
475 0
778 0
483 0
684 0
787 0
394 0
591 0
696 0
995 0

212 0
414 0
815 0
626 0
924 0
134 0
739 0
831 0
148 0
253 0
457 0
654 0
162 0
267 0
468 0
663 0
379 0
475 0
671 0
872 0
185 0
682 0
883 0
898 0

212 0
123 0
325 0
526 0
622 0
929 0
236 0
338 0
733 0
245 0
456 0
554 0
758 0
952 0
364 0
467 0
769 0
373 0
971 0
686 0
191 0
297 0
494 0
593 0

116 0
213 0
418 0
811 0
229 0
327 0
833 0
441 0
946 0
151 0
555 0
264 0
666 0
175 0
472 0
971 0
384 0
789 0
987 0
193 0
697 0
794 0
898 0

214 0
415 0
128 0
529 0
823 0
237 0
336 0
532 0
241 0
344 0
446 0
659 0
957 0
663 0
766 0
371 0
674 0
875 0
286 0
983 0
397 0
491 0
792 0

214 0
317 0
518 0
911 0
436 0
737 0
146 0
643 0
745 0
847 0
655 0
261 0
566 0
172 0
278 0
574 0
289 0
481 0
884 0
592 0
796 0
899 0

617 0
712 0
819 0
723 0
139 0
334 0
436 0
935 0
142 0
747 0
253 0
658 0
759 0
467 0
565 0
276 0
784 0
195 0
297 0
692 0
998 0

115 0
412 0
919 0
721 0
822 0
131 0
438 0
634 0
737 0
246 0
445 0
647 0
941 0
255 0
958 0
568 0
762 0
272 0
473 0
574 0
186 0
381 0
297 0
591 0
698 0

116 0
413 0
612 0
224 0
828 0
147 0
342 0
446 0
855 0
954 0
163 0
278 0
471 0
575 0
588 0
782 0
797 0

415 0
611 0
229 0
728 0
236 0
144 0
341 0
557 0
859 0
863 0
178 0
771 0
975 0
482 0
784 0
493 0
596 0

212 0
414 0
515 0
616 0
919 0
326 0
137 0
339 0
541 0
849 0
459 0
553 0
658 0
952 0
365 0
662 0
964 0
276 0
472 0
778 0
185 0
382 0
883 0
291 0

512 0
811 0
919 0
321 0
426 0
725 0
437 0
533 0
738 0
934 0
246 0
347 0
845 0
153 0
555 0
569 0
278 0
379 0
285 0
784 0
982 0
893 0

212 0
313 0
616 0
326 0
427 0
923 0
238 0
735 0
549 0
458 0
854 0
462 0
563 0
667 0
769 0
965 0
175 0
479 0
773 0
972 0
682 0
988 0
297 0
895 0

212 0
316 0
513 0
619 0
426 0
921 0
139 0
737 0
644 0
949 0
255 0
752 0
368 0
465 0
173 0
472 0
779 0
184 0
687 0
786 0
882 0
994 0

111 0
212 0
414 0
528 0
923 0
137 0
636 0
948 0
652 0
854 0
955 0
365 0
469 0
866 0
271 0
674 0
879 0
287 0
788 0
199 0
296 0
591 0
892 0

111 0
616 0
717 0
823 0
922 0
339 0
432 0
531 0
344 0
645 0
748 0
158 0
257 0
956 0
169 0
566 0
875 0
284 0
481 0
583 0
688 0
794 0
993 0

212 0
326 0
427 0
528 0
721 0
632 0
341 0
645 0
944 0
554 0
169 0
463 0
562 0
766 0
965 0
978 0
387 0
883 0
296 0
492 0
693 0
799 0
895 0
997 0

215 0
413 0
617 0
814 0
121 0
233 0
145 0
348 0
543 0
746 0
841 0
458 0
755 0
959 0
266 0
561 0
574 0
976 0
486 0
589 0
682 0
787 0
392 0
799 0

814 0
322 0
624 0
921 0
237 0
535 0
839 0
343 0
647 0
254 0
556 0
166 0
461 0
768 0
272 0
771 0
188 0
285 0
489 0
886 0
598 0
993 0

516 0
914 0
326 0
523 0
131 0
434 0
735 0
937 0
147 0
748 0
945 0
458 0
166 0
368 0
869 0
372 0
579 0
184 0
683 0
782 0
399 0
497 0
791 0

115 0
311 0
519 0
614 0
222 0
426 0
625 0
729 0
642 0
841 0
947 0
253 0
554 0
856 0
765 0
872 0
583 0
788 0
296 0
498 0
699 0
793 0

313 0
414 0
515 0
818 0
137 0
339 0
533 0
631 0
142 0
244 0
647 0
358 0
659 0
955 0
561 0
862 0
277 0
772 0
879 0
188 0
392 0
796 0
994 0

118 0
715 0
622 0
239 0
537 0
344 0
749 0
847 0
948 0
253 0
352 0
161 0
569 0
862 0
371 0
578 0
879 0
974 0
285 0
786 0
399 0
496 0

111 0
212 0
818 0
124 0
922 0
339 0
633 0
735 0
449 0
648 0
257 0
552 0
855 0
361 0
664 0
762 0
576 0
675 0
977 0
886 0
981 0
398 0
493 0

111 0
616 0
818 0
226 0
324 0
534 0
937 0
549 0
746 0
257 0
454 0
755 0
165 0
567 0
761 0
275 0
773 0
872 0
183 0
688 0
194 0

413 0
516 0
128 0
225 0
139 0
334 0
638 0
646 0
748 0
851 0
957 0
369 0
664 0
765 0
271 0
475 0
876 0
184 0
689 0
982 0
693 0

129 0
828 0
924 0
236 0
332 0
433 0
835 0
446 0
844 0
945 0
153 0
551 0
956 0
469 0
867 0
471 0
184 0
385 0
682 0
293 0
498 0
999 0

113 0
214 0
416 0
327 0
232 0
538 0
735 0
837 0
645 0
257 0
551 0
852 0
464 0
273 0
376 0
572 0
871 0
789 0
697 0
898 0
992 0

116 0
413 0
612 0
221 0
825 0
147 0
342 0
446 0
858 0
954 0
163 0
278 0
471 0
575 0
588 0
782 0
797 0

